1
295	46	259	274	257	267	53	388	384	171	239	125	5	331	175	409	380	209	197	410
264	347	275	148	65	249	195	260	119	105	111	31	147	371	184	151	254	173	80	354
97	415	60	99	288	342	170	37	24	153	100	20	188	110	300	413	273	84	382	4
372	261	366	315	399	52	17	62	113	200	393	161	29	290	313	78	101	30	9	302
360	229	265	304	238	234	45	297	102	218	6	287	351	311	74	122	289	76	353	144
416	219	121	341	358	420	377	176	166	330	368	135	296	244	118	266	7	3	58	75
214	183	36	207	363	123	89	124	49	326	2	403	310	362	71	397	361	343	395	47
26	327	241	386	54	412	149	8	293	77	142	256	340	378	128	70	294	217	216	374
27	199	146	141	177	356	337	258	396	185	32	182	414	107	96	215	279	68	82	336
329	157	56	417	191	405	15	270	186	104	158	231	359	312	25	225	13	233	112	345
301	419	139	230	117	318	406	283	324	193	232	246	211	316	236	205	79	194	262	247
369	255	42	206	140	245	130	44	103	344	19	160	277	328	248	220	365	352	370	21
243	332	346	212	320	322	284	210	383	317	180	10	401	55	109	298	35	72	276	278
385	208	126	391	272	168	50	381	292	11	271	40	309	41	143	333	94	263	227	156
392	92	367	136	251	174	33	145	250	159	308	154	252	12	339	120	192	87	379	222
95	299	323	39	187	198	223	34	162	306	108	305	398	132	18	349	253	165	387	61
286	350	338	66	402	408	282	226	134	114	155	64	93	86	83	291	390	1	179	400
348	213	235	280	373	22	127	28	69	242	115	91	129	228	307	240	106	325	43	163
224	38	335	152	314	268	67	181	285	203	355	389	201	407	16	81	319	23	196	59
357	137	321	334	411	178	303	90	404	88	375	85	237	169	364	51	269	150	164	
row = 756797227259481247367321024399716522154232630608176027367244099700208582128530846656705694108418373845302862701887053142966550130161732527779630370420907154632345132344761095326374141707148416796258906291145438586549120817044233793705460217621242877139161808491122342207546677470852251700625482897896545627674274771134915015241103446627002442019957091072915445211160782853583590379931046952819773661634387881747588110234311089494762958014023131123979543663184020438817033575066109418613169989035067865002944371575180947717309006751334462066977670583249959885011928767213948048407736631811960790191816197876290349114592657233256939644829384527224005570938077678622248020855747066328657610007286276056988579687103559453294723072000000000000000000000000000000000000000000000000000000000000000000000000000000000000000000000
column = 756797227259481247367321024399716522154232630608176027367244099700208582128530846656705694108418373845302862701887053142966550130161732527779630370420907154632345132344761095326374141707148416796258906291145438586549120817044233793705460217621242877139161808491122342207546677470852251700625482897896545627674274771134915015241103446627002442019957091072915445211160782853583590379931046952819773661634387881747588110234311089494762958014023131123979543663184020438817033575066109418613169989035067865002944371575180947717309006751334462066977670583249959885011928767213948048407736631811960790191816197876290349114592657233256939644829384527224005570938077678622248020855747066328657610007286276056988579687103559453294723072000000000000000000000000000000000000000000000000000000000000000000000000000000000000000000000
reverse row = 756797227259481247367321024399716522154232630608176027367244099700208582128530846656705694108418373845302862701887053142966550130161732527779630370420907154632345132344761095326374141707148416796258906291145438586549120817044233793705460217621242877139161808491122342207546677470852251700625482897896545627674274771134915015241103446627002442019957091072915445211160782853583590379931046952819773661634387881747588110234311089494762958014023131123979543663184020438817033575066109418613169989035067865002944371575180947717309006751334462066977670583249959885011928767213948048407736631811960790191816197876290349114592657233256939644829384527224005570938077678622248020855747066328657610007286276056988579687103559453294723072000000000000000000000000000000000000000000000000000000000000000000000000000000000000000000000
reverse column = 756797227259481247367321024399716522154232630608176027367244099700208582128530846656705694108418373845302862701887053142966550130161732527779630370420907154632345132344761095326374141707148416796258906291145438586549120817044233793705460217621242877139161808491122342207546677470852251700625482897896545627674274771134915015241103446627002442019957091072915445211160782853583590379931046952819773661634387881747588110234311089494762958014023131123979543663184020438817033575066109418613169989035067865002944371575180947717309006751334462066977670583249959885011928767213948048407736631811960790191816197876290349114592657233256939644829384527224005570938077678622248020855747066328657610007286276056988579687103559453294723072000000000000000000000000000000000000000000000000000000000000000000000000000000000000000000000
(total for row & colunm, including inverse, in this configuration)
2 = 10
3 = 0
4 = 0
5 = 0
6 = 0
7 = 0
8 = 0
9 = 0
10 = 0
11 = 0
12 = 0
13 = 0
14 = 0
15 = 0
16 = 0
17 = 0
18 = 0
19 = 0
20 = 0
(total for row and column, including inverse, for all valid turns)
2 = 72210313881854703365468436511446956148091282300216905155240890343460386387230984537538313497255089860764357911745341041326218273471197425140832234618568178380148235357216666237986539726170105375361222743779561097609997958141264949517952875978667657021550455275165242489467082316411264246023296141230925248440499170868885492569155309727041724544124398868860670172901152542563418417663989232649943551683864994412631448333330719224686210161367796560051767365542221101552809266610180008048415863261726005301969696091161028563689439081188861856748156254030354461200278277624392185063153665084450726561347811822593757387670282133339062872688487188514784294777463791926551449993476822886328118889385606216499779601152121666054276430671485530911021100650654561418620621616578560000000000000000000000000000000000000000000000000000000000000000000000000000000000000000000000000
3 = 163631387649545299882386623518576982773527801753758776275863443099205532643433134243843445591762548600782255843025397738753336171543472417423503389904672118371907296955978615871952897039261025076528855859992467233873105452654558783208796829641337166169215259029537498088088506422546113963008930951260651592002420845834918496333122757085050818641931176502525907642918091252480675065626403121292548163321211742381186116150195522139067666019515054333982789522275053818698446581305221474183512022925119794947622455124581147748233672491451196916796523798230381329030583881676218826128540513585615892594823226513978634728429844986532605725511819959164738222222051865645006741037624824328181339710666380052033184462619852584875692525743760286535372289718592606064118847242240000000000000000000000000000000000000000000000000000000000000000000000000000000000000000000000000
4 = 370626618700168621627703296183802093052032423672106434937623105278329738835273281331993330997809483004050404519232191116128403080436464566948407429357357064951900888698872791825696442408456490123369996403370559353368280558971014228616847643843030969842180675959780634721548067596063446908660110956532293696500699755950398360150661603901359275677229971374335145388085439059700941666401105240420618125838437999369764204236294795233040578819713039762740895151683538514146550160168547487000180150879942635520054326795912353619529226403655014315232800584260561936718196978551140553384050286110451030899088928597224802630391437959450783963803757805620480645223014308648067218244478601462860592980129169105785081569146049200955112932136617166050729698251507139042093301760000000000000000000000000000000000000000000000000000000000000000000000000000000000000000000000000
5 = 836331857169919328649390763397178357217234585553942546186623792539996377708800491980178901859040997360656541320615586684535558226631148852184741563479733134686111271578512315792322331561497485093694676729258472716695077274543818446022520029216107976047464172774214074599527288646458865804818114751512084290649498648894650020183121457977317172446188533243572370602219509901029670912377492658377190855030503989972809635401451762732098491059321556437482511044980060553765424777628526798785052829531871456031382113486164605468761619328830024919155646714574652386258276774961674457107506171321891617054403276798357219125951498924050751770080087921082000167139191128305080427336190693667661636486355860621911504197894521480767309234718328953578592691140413068824018944000000000000000000000000000000000000000000000000000000000000000000000000000000000000000000000000
6 = 1891031558502256149144233938745211306825950066819746436315611571709908344960107809095056286230503227900803508548017681404909854626100580363906385960326388683111227058399020257409987703422306644890254431321990316180925181138720626320172729362603769200579538472712242705523465756318781318682123138738086465152101968532372029221346421562726589300466482274245559283708334615600980372829943134211716501823277199687904091691235784987997449361121233016981525687617115282436164684536042800465617480231491902508716095685287452248556369340367833330124624156224964357007918401398365571192755934108144543542666942026176482269397890283775528830465241713489739949050439861488830616404822863452772686027822149529796997242103443590991439564600309404640850264741472838839435264000000000000000000000000000000000000000000000000000000000000000000000000000000000000000000000000
7 = 4270549077499321031743994252631394272041191587024758097404086829065552738911196696365806512119539596092055122542977603709884912163086107395992278439517740927588940532551027241614377958948636693482984353110127477016550116870417560682345985284918610552047612169280454779576253347212844024356140176629699935348267509751662018294471840096689777276291818609745509200246150820865385800807370496050013403333148075929281267349312170200247165386191965760427798887767172671021954074169435019820509546177405144359965439533146896586170257607248975471350889117710761267191292597888396540017102881303774284077829570371940296841787908335258501967970424657897077090597367548490133685216676925665180697539555128530661567111011484615439795365683475023617853894239090427035648000000000000000000000000000000000000000000000000000000000000000000000000000000000000000000000000
8 = 9593788247991003753959529485551548700574408833489561576388995396766839657705403817855992305198088583498927043866254554904688796468611145020464841087170362852123149912962205624843444161525423100285455339832312887080690347262752943187457477428721101613064546185302244228206390536245703485160273418107590587142101742718609941830806900770629819443724365248423948183275028180006115256576363947899040852754068782089550434584109368179252940252413186132378118402476553612922516313627642474464207317766359035919731364675881183653103709917806191564671155407078675989223542161111062042466123296106267543591540601994037997025011633079435305595389092807427268353729689660023256313562582374837455234194254297987016462493765454320285805185315955676957162970661670354944000000000000000000000000000000000000000000000000000000000000000000000000000000000000000000000000
9 = 21415737272805950718787889171121246705394048881978286404384894096612398970643650353779723973066761529816085629064540216387679447353570293299026951565729584036135498333008540103218203827593860755164066995944916353111458485854187750818011574692304758777427647237111806735053034843383793980515988599084160180082412200923134425496459549702552515934778002994911924620262576017757863012105577253160716861074633621255419239339701941091322261751999219765338611793462863629993224484067426825283888745105972362746413663793262344102082768499267333758310234791273202735738345487619597665735310197192652711624328050171934444238789488473155796115955464270874825531651205663357133850236947402714847211798373072830367361947093734966369070684141511817195159166526685184000000000000000000000000000000000000000000000000000000000000000000000000000000000000000000000000
10 = 47628294099125949507383714384654578353539761356323556149372645703382275306010884803930563441871058301715949730427038192198673361909826443353174920352954347040811202212780622188835154562924798609332075674306818346252103035979358975277357155626114554540295629615061797066387907974927362520885056103039877437577790422207478513082734098061630195849709098909859475565545625394699527534618869800428682100857601412128745225507283963755481739922189229765794822809471309940051316782782622746094084748474698066071082162331453167511935182180441579880010968910538142427442466372149713174200593072276561506183628081912143863585433151357070163271221807094042489800796210886697306405468284589924940963448424280867994545767152843472280722385760045641644103508059750400000000000000000000000000000000000000000000000000000000000000000000000000000000000000000000000
11 = 105424261722786531134062671848115267207126175860072636748951018239407393513740046931345769116110442222606544702748607448792057759855038906096169913370463847619993927851338879346489160558720717458294593008885837552622721319455159889241556609552843834739704686307748553431247589214495535283391175306770813495004459102266440981399768305065360536575670287492487392410769821001041085910769928663951293812206315999143895750329531561386401920365148149546947584227478113191690504437033015788861625984950858765739970890904650658742520544663601754988539649666788415415462396446806878007307428687994330331950357813174902230158190141015832458893066462834031055621042564417697440308311207001640709063034522875485094259389096773672007226947060728739684304289792000000000000000000000000000000000000000000000000000000000000000000000000000000000000000000000000
12 = 230884038107850679929885358680902014364252716550925632722166191937840717265258183049367156749749887463305718844156302614195059045012269950897809954439641306815020413812675153981730668162177628125145939005573238680026679779270841136957047606446958873380192519104477862897009543230829712341670985126358849890188340022434162020833714134760625732437355999363810938858537651348394234383266156690895611723315777460122510409394798360434153632357348111841098622198044690551429954406757299406540450298761697588235924261732494887086798403282160227532408070097076634090591403497153001146023085442761002794794509881053891128268352059909503111714124201843761805753321853004353908331505671802266349114891515596518823315943830117475853890224444179587208629452800000000000000000000000000000000000000000000000000000000000000000000000000000000000000000000000
13 = 501294982940660174456571169477605334295084886473806980723293720432430712477253837702739075562124989898289737847915405615305640934747901965917969052509676314911347076399852066660007221066402962862734301366202530939806302198642281723258650334059144033091466691642826134054747787184183280011751012632037129882473656802773714982725854018215779323957146494211350966952828635997494407884385422964149317268516652900366302548468457885903077937259843542020276935061130522331623957180620026755636085317203203103792210496793272698437569613630216548711053879691136427598499302392553571387790988528725547901948244524138886500693253685046506094254226104730377167742213869827692900070980060317409354069297809292192251399077685430169598037337987016275525632000000000000000000000000000000000000000000000000000000000000000000000000000000000000000000000000
14 = 1070457982090512138798789601177686069211045335277084582386095692277120454977753889987134682254219948262621690668634910807930289218649417071754779382550025956313910981125614583080528806070318464613383163818448486525653724092180563321177152299172424656225091925648200716408124473282706360261395888879494953549854365391730807659717931921640052213357648408096246845063579716548425274995775752010648026065335198643436834485438141010217178283131015147059485543494642080143364147492658158051153686926530588865966914584021499037625579848945716105441394050595292931578433073136899865441297740961162748407299786150591954889543713090842713040116631585454166291185907024798601237669550873881428016105409480619194659985181879282612900854838180171061657600000000000000000000000000000000000000000000000000000000000000000000000000000000000000000000000
15 = 2248109561980655534574886961269902434430579913487954685775609730892288434623725559234662620241767059428076946466357744520687839431652361992130886138775942892047963618525562201222824104020943508998384814646694372544974393304557683306592522450845365348804967418881840033732635511799303379954533913859269250606118098962358865007328554068410544943393360874499057759053662801268039419183047687893883289970800613385315348930249420477819668075175229834315757009446635863392429609951153314997336062217624737898876813565745318086431164714376222327393088297522270599710538174090284580426822521166892190173022587003277922847744590387715602562268051218634213052486935035003239282657511827278051716114114816502777826725656297599557650948682756118282240000000000000000000000000000000000000000000000000000000000000000000000000000000000000000000000
16 = 4610055368773665691652500063466688522161694938141466642003092433513829858136115422460477367107862350764292119429822518924884309882474219205007648525125222734172132512964476986720370424628958397484175484187294209641395061653176477677801491524804162290747952064640451440898531948086961253227947001124845418591852719310015128054295377418770079109544436729018628236442995193838547838861677900517687326118755892036897747319738794000719243341873327986057475639582935474316377760767047741069827642415189136741162521639469398417785113628173558977407199572047723401377501585060635165157882626126188492422589415853391378182743672361116631242910958342710266045440568244820193011196006782488281100379213140922265146098474936763798785273072724213760000000000000000000000000000000000000000000000000000000000000000000000000000000000000000000000
17 = 9062384175759299932393432240612974558745431229421915964224981814329806200011021809384887196261419045618865996430450228439191028200233721018010928567285020482879412085412897079511887623134301838584503732860902769906574864663563735480401077895048687685492909295161566224975534875701786315283099732979078389548493881872676341444019179311492535016972062196203864599796021251936390000535233371243947923346212562056491808138965723266726204591285368639717866680407304702056777865212235176168201476997049350734135046976606169277236229787138956586402620405948469193472298535457830914047907120128547915247416288439973848971182413067288619252626316775963756092514503035683918948853184599512240094637716571862127652366651549008516427139273195520000000000000000000000000000000000000000000000000000000000000000000000000000000000000000000000
18 = 16868819049447924880396828686557625223194850347659177038671259985211083293477342933691162334644457271476779077377233125965191567070589261572942759366223635401982521425422411357859736381030017415185117111122336588237848407911241881511344567489076140087300179037096590718720718679737441564019702379668405459414742211351882375963761506304333106798705904936615294920931510039318660299195040416014576083880516529004146188136346589073524736319166566438174080759331147250861382772308648959811286973877016321767675638653280450958991237149232032006708892909694413843920013223165289502779202022873050636668741951815514311134903408832987058663285955957787386834895102030894307281624382898598916752179864373705756921477786328314057669602181120000000000000000000000000000000000000000000000000000000000000000000000000000000000000000000000
19 = 28162201777719517324856903976258861787928319967814071439353573700724319361153374256317822742406812826535217846848519152504405392121453433073034327535401016474531982567515992864437009688597159981436089141498377499506944832649223218254072224000910235409350661124206591929856133610655287719972761187725280247959665715992279625169589424795904730723623847598578649588868078523775075047066096396429532830925926987779157207694219733526755538325348774701694954393752535391072162390660551761152882976766898970692064665202301869130210058268071173901800160650890255756993240903984818384813526438927483442688335311834910037500260520023142152534210769800274060749870829494907009379110983740223156220510841766194150613376943853690413530480640000000000000000000000000000000000000000000000000000000000000000000000000000000000000000000000
20 = 34689489369237213396631178854617501950942375023199836614588363784200393381008429828043572508243685985425482013463485130033078537303952192573621972077291347593063528049479227007476457384144314708154056509135759112012073826038510248729249345803031712796837164280696908108671456684819233239785452443402180295375153848255950267302913067244829859362935357776026994214543384808068845583364472685395854919943952297666634066792779460603595308646105831080519174592606189898505177404282730927513606482191504513924363212541799687968333153723868464584922269278371607141595495331705784335240392043927769952029372304673468874748938297665509438767630158879171165830660398322032263941086933214452857084088266630053126698227004746878588813312000000000000000000000000000000000000000000000000000000000000000000000000000000000000000000000

